# File generated automatically. Size 1200. Rat = True
1200
297,223
246,44
883,857
477,243
616,490
673,397
507,372
77,6
929,861
980,214
848,842
157,54
563,460
412,251
44,17
398,224
807,23
847,580
896,753
218,135
378,41
123,28
456,128
770,105
191,22
508,497
740,688
84,67
331,154
185,101
491,68
529,516
314,19
314,191
337,307
771,346
407,173
622,60
813,579
513,263
602,339
553,62
526,195
920,105
429,148
349,124
231,37
649,179
90,72
431,132
988,73
529,68
784,500
815,195
179,32
332,124
600,453
625,188
370,158
611,373
28,12
254,193
292,157
334,294
461,209
179,156
34,8
832,809
73,49
290,214
53,25
723,17
461,176
193,108
588,17
377,280
394,296
931,113
668,635
323,27
902,453
123,56
465,105
808,555
788,436
178,6
530,168
29,1
379,337
635,149
643,273
517,5
876,199
268,259
178,25
586,16
280,204
518,292
949,300
511,302
563,87
800,715
148,52
162,20
438,275
106,55
939,582
784,342
890,39
259,48
150,46
118,54
872,486
742,509
973,27
475,228
695,82
236,98
749,118
50,6
335,169
748,162
97,87
703,101
476,109
360,69
884,247
347,132
47,6
412,365
155,4
463,26
837,305
641,570
37,26
305,8
938,762
341,56
973,966
378,279
593,57
814,110
537,348
745,642
22,19
794,338
252,218
193,105
841,336
30,6
869,210
121,63
743,316
888,626
433,88
143,11
987,397
863,137
372,132
676,572
321,169
511,398
272,64
656,442
943,638
623,295
4,1
810,268
966,927
553,470
64,63
897,617
379,336
340,166
885,73
813,278
604,28
176,155
139,93
895,553
763,680
336,198
939,93
649,40
954,539
634,383
738,203
826,339
869,80
157,112
599,404
542,476
276,219
506,443
719,293
346,251
929,409
3,2
857,648
831,281
664,501
825,683
257,83
792,197
577,544
306,148
783,94
622,126
966,119
904,479
976,675
123,49
757,301
432,61
516,503
528,39
318,284
272,122
784,125
796,649
788,269
906,664
608,239
581,355
800,144
782,574
580,411
932,751
964,331
622,595
195,164
292,107
278,183
522,345
484,361
855,484
862,66
965,128
575,190
604,494
701,680
599,153
91,11
276,3
781,457
705,23
375,157
745,420
85,13
320,3
839,550
69,25
63,31
572,274
163,19
691,349
846,824
828,127
53,49
247,58
658,518
141,82
850,576
725,172
88,21
851,276
991,652
804,742
824,387
462,307
922,857
895,754
412,335
939,366
314,206
828,772
390,203
884,837
769,23
904,359
163,49
352,278
818,323
939,21
576,407
612,177
694,76
586,188
180,56
518,481
797,419
502,489
40,15
361,284
902,239
89,37
185,154
888,788
871,685
497,100
73,37
116,102
852,236
276,96
191,128
227,115
207,107
501,2
190,101
451,79
278,176
808,395
797,130
995,599
643,487
364,39
991,921
434,133
261,125
988,198
862,734
397,288
334,141
113,76
270,59
617,14
120,99
808,352
56,41
647,596
495,392
271,166
352,65
732,508
492,266
659,10
799,125
467,30
822,672
147,61
483,264
549,127
443,280
584,419
973,396
508,389
92,65
265,146
442,362
865,667
603,491
861,270
444,421
365,117
171,57
70,37
683,433
223,177
522,257
851,438
574,333
329,246
326,307
517,385
92,56
671,215
762,187
981,821
495,92
884,858
809,200
292,190
218,126
555,32
518,316
334,62
159,104
234,144
746,234
973,41
173,93
101,27
776,282
466,404
848,173
794,385
590,193
341,96
779,574
581,508
538,313
459,120
559,435
69,34
462,366
202,37
106,23
455,436
81,42
387,96
957,73
118,21
254,77
443,291
724,371
296,282
5,4
161,25
801,172
83,53
899,761
986,658
18,4
236,51
374,92
830,430
788,679
673,215
7,6
84,59
339,309
895,104
353,12
389,191
402,87
459,130
768,251
788,577
665,296
349,59
739,652
93,50
244,16
496,392
169,104
888,350
105,72
382,292
909,747
996,806
19,12
747,7
605,470
630,595
65,12
497,73
854,101
969,44
278,197
817,352
80,44
926,860
670,434
859,571
229,188
67,34
55,23
222,130
277,154
206,7
122,20
321,244
702,464
715,473
880,347
240,18
734,330
953,897
439,284
308,43
213,153
392,57
741,64
79,37
242,21
4,1
39,22
309,289
197,40
348,345
372,222
537,148
246,172
470,131
225,15
828,148
376,211
770,555
19,1
262,180
906,320
4,1
686,413
569,418
181,9
883,776
440,391
462,363
454,405
230,14
324,125
886,376
886,537
72,23
618,248
545,219
806,477
315,270
642,625
29,22
892,596
113,88
736,261
147,11
867,464
812,657
521,297
64,43
529,151
638,160
826,492
607,393
244,124
477,455
469,286
485,283
228,151
593,61
654,42
692,83
601,146
306,236
158,110
344,180
123,45
381,307
861,313
958,8
535,335
964,877
41,39
81,6
904,884
641,564
735,289
839,23
608,597
538,102
320,307
658,384
656,146
31,12
804,29
328,205
256,207
22,1
728,65
103,51
646,578
330,183
222,76
860,833
75,23
349,310
567,171
157,101
790,45
862,537
106,81
669,130
717,305
418,320
470,376
876,228
269,228
313,55
693,59
981,900
760,128
331,149
411,1
274,86
129,88
643,442
104,101
881,211
930,193
300,184
123,118
783,176
199,189
290,94
198,66
713,6
766,563
561,109
546,238
397,214
816,398
690,249
945,66
423,149
336,293
799,615
948,124
930,806
577,218
332,249
281,210
648,202
337,54
39,26
577,49
519,405
854,851
973,512
149,120
399,166
929,425
334,117
621,76
521,430
452,388
755,229
930,650
695,164
789,588
538,10
239,234
763,400
990,630
38,16
101,99
8,2
160,32
691,458
337,178
585,530
100,9
910,897
110,85
727,75
630,25
554,90
935,375
795,82
157,67
296,86
224,85
777,421
337,135
310,292
784,579
501,81
243,168
124,75
745,431
413,282
722,566
11,4
732,472
309,302
256,230
598,442
832,179
828,825
686,334
778,619
990,388
843,526
157,78
369,9
779,532
785,72
863,523
702,432
296,180
337,11
155,7
811,224
714,23
706,614
854,515
486,177
806,664
536,428
457,184
906,365
27,22
463,193
125,80
440,22
614,384
877,784
400,10
632,97
451,342
621,107
827,799
264,68
638,423
434,348
176,127
658,52
888,132
25,13
648,70
956,426
636,191
119,101
303,72
887,275
776,66
348,203
96,13
455,210
114,100
719,671
107,6
49,9
308,236
221,62
990,632
664,517
621,23
751,384
607,431
425,73
955,749
88,52
814,339
205,25
680,30
486,450
358,317
200,121
539,45
750,667
970,429
702,361
659,252
848,376
145,137
95,22
585,232
437,411
279,87
786,463
997,307
446,230
20,2
365,49
870,342
168,68
768,645
659,50
486,306
652,167
186,167
168,72
575,326
352,135
195,192
698,4
297,42
12,7
874,233
92,15
291,88
16,9
129,58
287,131
840,277
854,197
466,185
683,556
409,223
851,438
760,605
570,304
475,183
957,510
395,198
185,21
564,179
543,71
607,384
881,577
903,799
56,35
89,70
999,630
577,304
391,19
978,151
797,158
701,125
237,93
260,245
810,589
395,153
5,1
361,149
935,701
958,194
66,18
435,356
436,308
369,249
717,240
970,34
414,279
674,574
754,43
267,15
367,112
646,262
35,25
225,115
238,112
48,43
826,662
544,317
167,104
119,105
330,160
454,264
667,5
397,294
879,7
166,43
437,89
184,80
822,153
455,178
628,273
502,359
364,308
225,121
577,304
448,124
883,701
817,450
568,170
545,10
521,252
200,42
768,227
123,38
818,769
103,2
193,49
441,273
596,296
283,68
422,290
924,253
324,261
746,341
361,32
957,937
453,173
523,204
322,232
782,179
220,69
567,201
700,14
5,4
864,237
789,252
601,198
646,166
220,124
853,641
15,4
552,407
189,33
899,149
315,51
527,395
492,72
62,56
106,96
579,388
80,45
523,433
681,172
386,363
983,761
59,52
593,61
651,500
185,26
985,47
731,559
261,199
371,128
435,222
218,202
894,138
339,24
909,413
881,741
917,281
421,208
443,168
683,188
715,482
519,120
6,5
590,514
239,169
610,5
256,10
477,417
636,214
699,651
245,136
166,47
889,90
240,13
343,309
810,731
746,359
733,563
252,138
832,13
324,160
824,43
401,270
522,465
692,619
300,223
823,309
448,169
584,109
33,22
736,190
574,244
834,295
274,64
719,466
269,52
790,290
937,152
299,228
269,60
177,51
907,598
668,589
547,505
363,50
985,705
208,159
708,99
325,302
606,197
817,393
977,133
484,208
12,5
568,362
855,209
638,383
842,555
328,288
466,391
545,317
636,168
437,413
790,573
694,623
107,18
957,328
615,397
902,92
251,10
231,134
95,27
257,137
248,211
329,205
293,217
506,425
95,67
297,274
453,246
196,77
689,368
735,155
426,86
631,111
290,163
262,14
533,174
104,13
378,112
48,12
359,94
916,341
133,97
159,24
50,6
758,562
467,150
49,8
422,104
855,31
283,280
255,231
644,408
530,525
550,388
338,60
526,107
551,509
808,267
591,488
373,139
848,216
791,31
362,279
189,26
342,299
431,92
497,437
514,140
753,206
518,175
406,260
915,31
936,184
334,203
381,377
547,183
923,295
940,420
214,103
235,170
314,82
862,244
501,97
577,52
682,70
496,310
30,28
502,245
804,351
780,264
35,15
5,2
813,355
236,224
239,34
770,601
23,18
399,146
847,338
716,57
765,528
577,187
59,50
547,538
966,274
461,236
359,123
683,412
647,183
458,341
611,147
875,298
809,285
956,764
398,77
212,137
2,1
685,448
590,109
203,31
967,943
434,127
700,413
891,640
573,37
326,222
395,361
563,328
256,65
47,41
148,36
831,214
309,108
380,369
356,85
503,219
304,44
367,159
583,569
499,168
754,520
829,749
243,2
905,595
23,19
658,225
905,174
778,707
301,120
762,133
198,100
633,373
449,84
510,14
194,183
352,298
406,77
976,556
386,165
644,168
469,14
15,4
292,31
450,327
879,762
458,285
935,433
428,347
363,150
149,67
617,218
271,252
454,236
972,607
215,27
365,219
252,244
602,453
821,597
786,237
479,141
219,15
788,575
221,55
89,80
538,331
884,315
592,397
334,117
352,121
927,746
357,43
167,22
274,218
249,135
895,94
586,517
272,253
392,17
360,120
815,627
890,172
68,50
410,352
131,102
674,397
847,251
698,155
666,157
354,315
92,25
980,828
713,188
212,43
589,58
221,212
704,675
394,61
950,432
546,489
824,475
893,646
32,1
378,209
565,275
435,278
800,750
14,3
510,304
827,270
270,57
869,72
815,646
977,326
301,263
159,77
278,88
869,648
608,356
2,1
194
258
103
315
413
34
573
250
1023
213
354
502
777
813
951
339
162
693
153
194
292
1163
1009
240
123
60
482
815
270
50
624
108
668
1157
677
100
61
831
203
288
4
693
721
624
1082
780
865
106
606
913
432
620
1222
238
445
225
691
611
141
91
430
366
354
42
464
428
1052
802
700
363
1095
42
520
480
214
689
490
406
239
217
180
812
1364
141
277
635
677
178
196
1333
193
87
210
317
996
1204
416
928
355
894
819
1043
370
969
596
668
890
433
675
581
27
429
842
783
827
515
905
1709
186
46
1498
639
841
594
107
526
1013
466
446
618
341
22
1274
389
107
194
525
997
250
616
763
306
873
354
465
487
470
77
23
775
588
1406
1214
1193
641
136
166
844
42
278
69
519
549
361
508
272
152
589
744
277
218
173
513
285
840
644
68
567
22
957
705
867
412
653
329
250
231
227
645
618
1001
565
745
172
666
640
796
35
645
866
359
480
25
814
583
422
456
227
329
544
359
1330
326
838
227
346
81
948
789
1099
330
215
362
611
1005
1190
760
860
458
754
986
1
631
982
489
595
461
9
153
827
419
159
75
376
640
700
429
883
208
217
1122
232
1197
216
983
267
699
1145
516
358
1000
465
743
421
434
878
739
452
243
829
432
570
930
586
320
434
314
1197
458
415
680
260
934
573
235
607
108
906
445
530
1325
1201
785
107
111
464
517
440
331
874
421
158
410
1065
235
271
230
666
42
214
164
1013
70
846
1030
967
1451
472
316
292
641
339
285
42
162
308
317
68
441
1020
339
1199
541
504
500
782
608
382
729
928
889
673
633
634
811
154
92
5
536
528
741
53
18
574
946
13
510
963
743
45
848
659
303
810
464
470
665
72
214
599
399
429
109
438
97
195
120
511
952
494
648
41
732
743
621
2
90
205
124
555
1116
444
339
946
38
843
201
910
522
575
764
3
301
34
96
315
116
366
14
27
321
484
663
98
99
569
603
700
187
458
191
332
423
200
366
624
506
107
158
687
632
398
980
921
926
452
1268
910
968
543
126
450
196
1227
1672
262
809
729
242
202
1318
136
343
878
624
514
398
1154
252
350
181
238
840
693
669
162
143
280
692
1055
205
284
849
8
55
368
780
543
354
1429
47
312
464
583
34
897
855
141
157
1032
547
1375
655
326
690
11
390
799
838
633
469
355
452
256
176
175
880
616
823
753
174
381
519
349
893
784
423
1306
442
263
376
1309
587
246
874
1363
387
243
293
820
833
124
155
865
403
112
722
1202
457
654
956
704
712
915
830
153
77
442
526
644
705
1018
362
588
469
576
386
158
463
420
800
520
2
398
107
552
424
915
325
75
781
295
956
394
919
909
537
588
1222
102
57
701
35
810
356
359
585
554
633
803
410
101
906
643
97
155
353
174
899
146
385
1429
607
594
370
267
1101
277
522
1141
689
145
396
662
624
175
1069
309
301
1316
182
861
805
351
104
504
150
661
100
579
184
224
16
338
488
282
653
431
662
294
619
562
209
697
798
130
96
807
930
278
926
514
379
488
361
548
316
369
494
453
403
84
436
512
479
818
452
1460
680
235
467
724
105
368
841
383
1103
288
685
557
8
300
68
69
208
159
1237
374
604
522
305
1174
200
813
647
170
315
180
727
1156
381
536
190
673
128
28
663
29
537
54
442
318
1531
351
53
310
817
147
879
92
4
141
627
135
1127
61
240
567
898
149
888
270
203
196
601
110
633
521
176
571
254
446
62
503
926
189
628
563
542
479
488
84
297
42
974
22
894
265
151
629
494
474
280
502
94
224
327
740
273
359
1236
50
606
222
148
108
394
168
781
247
737
103
376
113
200
668
689
898
1165
29
203
8
313
500
644
438
555
82
1146
14
172
719
212
107
15
528
157
705
1245
622
514
357
334
124
863
430
654
813
815
171
639
213
394
622
831
910
826
430
370
568
430
1232
468
629
418
635
548
801
1041
809
455
206
538
980
384
75
15
239
281
754
711
1050
1099
108
94
537
204
357
966
575
951
585
252
955
382
1001
446
374
1058
236
997
159
506
581
166
535
499
556
597
574
1358
753
254
664
775
488
79
316
107
7
240
315
322
749
5
140
303
708
404
531
152
1476
302
399
893
715
978
656
1176
798
41
190
512
253
80
778
391
780
224
188
599
181
935
853
600
914
389
766
250
110
300
469
1068
1121
1078
472
385
1163
653
231
780
104
1182
346
1237
117
63
424
587
71
157
559
19
960
1035
684
890
473
307
474
171
351
125
34
819
61
812
359
945
53
403
4
57
771
987
95
41
68
564
525
393
450
655
991
683
216
387
48
326
157
382
370
830
842
57
48
706
635
11
763
451
860
35
1010
193
329
17
679
581
125
1106
273
364
682
762
1308
255
299
906
634
214
1369
374
48
163
327
740
346
848
245
146
443
527
1099
148
242
431
297
924
829
142
175
32
250
340
726
365
1464
580
1040
223
266
891
553
421
559
684
411
827
25
185
776
333
864
992
423
939
918
234
203
884
292
363
385
395
1128
220
297
319
386
1139
317
805
784
122
1325
3
714
60
577
346
836
598
763
294
182
65
512
419
73
951
377
1008
39
766
1611
374
188
620
201
635
611
846
9
414
703
95
1089
591
701
373
787
306
1070
601
293
371
198
509
35
33
380
1212
1666
382
908
842
340
625
32
305
397
445
585
769
316
4
776
940
331
906
300
534
569
294
1052
195
568
589
2
180
138
67
778
418
551
75
397
48
668
930
386
398
114
222
692
518
398
664
528
172
280
519
549
616
619
294
458
598
417
688
1414
194
701
1335
459
336
878
101
227
